n	dE	t	ut	rt	rss
21	5	0	0	0	130433
21	10	0	0	0	130432
21	15	0	0	0	131140
21	20	0	116	131	141952
21	25	0	1306	1354	233975
21	30	0	6893	7099	639346
21	35	0	29117	29907	2180472
21	40	0	57986	59473	4035850
21	45	0	146365	149829	9359606
21	50	0	217881	223541	15151786
21	55	0	226885	232558	15533634
21	60	0	204366	209305	13693980
21	65	0	152907	156511	10004674
21	70	0	132045	135027	7770792
21	75	0	75043	76651	4336679
21	80	0	36177	36895	2055109
21	85	0	10251	10430	606509
21	90	0	1412	1438	190485
21	95	0	71	79	135745
21	100	0	0	0	130433
