t	ut	st	tt
1	6790	0	6790
2	6910	0	6910
3	7100	0	7100
4	7330	0	7330
5	7390	0	7390
6	7520	0	7520
7	8450	0	8450
8	9310	10	9320
9	10070	0	10070
10	11230	10	11240
11	12350	10	12360
12	13300	10	13310
13	12980	10	12990
14	12680	10	12690
15	12620	20	12640
16	12050	10	12060
17	12390	10	12400
18	12650	20	12670
19	12260	20	12280
20	12540	10	12550
21	12530	10	12540
22	12710	30	12740
23	13010	10	13020
24	12560	20	12580
25	13020	30	13050
26	12820	20	12840
27	12790	20	12810
28	13100	20	13120
29	12950	20	12970
30	13220	30	13250
31	13360	30	13390
32	13320	30	13350
33	13150	20	13170
34	13300	20	13320
35	13050	30	13080
36	13210	20	13230
37	13000	30	13030
38	13140	30	13170
39	13370	40	13410
40	13020	30	13050
