t	ut	st	tt
1	4020	0	4020
2	4100	0	4100
3	4200	0	4200
4	4280	0	4280
5	4370	10	4380
6	4460	0	4460
7	5110	0	5110
8	5600	0	5600
9	6110	0	6110
10	6910	0	6910
11	7520	0	7520
12	7950	10	7960
13	7830	10	7840
14	7590	10	7600
15	7460	10	7470
16	7350	10	7360
17	7430	10	7440
18	7470	10	7480
19	7250	10	7260
20	7350	20	7370
21	7610	10	7620
22	7600	10	7610
23	7770	10	7780
24	7790	20	7810
25	7740	10	7750
26	7720	10	7730
27	7570	10	7580
28	7770	20	7790
29	7790	20	7810
30	7930	10	7940
31	7720	20	7740
32	7860	30	7890
33	7810	20	7830
34	7940	10	7950
35	7710	20	7730
36	7860	30	7890
37	7660	20	7680
38	7820	20	7840
39	7880	20	7900
40	7710	40	7750
