n	vm	rss
1	159116	1680
2	232848	1820
3	430776	1952
4	511384	2088
5	537700	2308
6	527776	2452
7	724384	2588
8	609704	2736
9	683436	2888
10	757168	3036
11	1027508	3172
12	970168	3316
13	1035704	3444
14	1052096	3572
15	1191364	3688
16	1265096	3840
17	1338828	3968
18	1347024	4084
19	1420756	4204
20	1560024	4392
21	1568220	4432
22	1641952	4572
23	1748436	4600
24	1723880	4736
25	1797612	4856
26	1871344	4876
27	1748468	4760
28	1936880	4812
29	1764860	4676
30	1969664	4920
31	1715716	4580
32	2010612	4856
33	2280952	4920
34	3100168	5152
35	3583476	5508
36	1986056	5116
37	2682396	6164
38	2223644	5492
39	3247632	5416
40	2485788	5680
