n	ut	st	tt
1	5290	0	5290
2	5410	10	5420
3	5580	10	5590
4	5710	0	5710
5	5790	0	5790
6	5910	10	5920
7	6640	10	6650
8	7460	0	7460
9	7820	10	7830
10	8570	10	8580
11	9290	10	9300
12	9510	20	9530
13	9440	10	9450
14	9210	20	9230
15	9090	20	9110
16	9060	10	9070
17	9040	10	9050
18	9110	20	9130
19	9280	20	9300
20	9350	20	9370
21	9460	30	9490
22	9360	30	9390
23	9630	20	9650
24	9540	20	9560
25	9680	20	9700
26	9620	40	9660
27	9660	30	9690
28	9710	10	9720
29	9760	30	9790
30	9740	40	9780
31	9770	40	9810
32	9680	30	9710
33	9820	30	9850
34	9850	20	9870
35	9920	30	9950
36	9780	30	9810
37	9800	40	9840
38	9800	40	9840
39	9940	40	9980
40	9770	40	9810
