n	vm	rss
1	159116	1760
2	232848	1976
3	372116	2168
4	314776	2376
5	562116	2644
6	462240	2856
7	535972	3024
8	675240	3224
9	683436	3420
10	822704	3604
11	896436	3820
12	904632	3948
13	978364	4128
14	1052096	4312
15	1256900	4512
16	1265096	4688
17	1273292	4860
18	1347024	4992
19	1420756	5184
20	1560024	5360
21	1633756	5496
22	1707488	5660
23	1912292	5840
24	1789416	6104
25	1928684	6248
26	1936880	6420
27	2010612	6392
28	2149880	6776
29	2027004	6592
30	2166272	6948
31	2043396	6672
32	2952704	6936
33	2190860	6824
34	2403828	6712
35	2993684	7860
36	3313168	7052
37	2354716	7296
38	2428448	7424
39	2772488	7664
40	2485788	7504
