n	vm	rss
1	221048	3880
2	366420	3792
3	376952	3900
4	591628	4016
5	576024	4224
6	620228	4456
7	640700	4592
8	779900	4716
9	859736	4832
10	880204	4872
11	1084944	4992
12	1039876	5104
13	1119712	5176
14	1199548	5236
15	1344920	5332
16	1359224	5500
17	1504592	5524
18	1518892	5712
19	1795336	5836
20	1547492	5856
21	1758404	6148
22	1707164	6128
23	1764504	6204
24	1932372	6280
25	1684532	6660
26	1764364	6532
27	2040808	6680
28	1792964	6668
29	2644944	7136
30	2257820	6992
31	1835868	7400
32	2261836	7316
33	2702132	7288
34	2503432	7436
35	2837152	7672
36	2603676	7572
37	3625600	7692
38	2568832	7912
39	2499112	8072
40	3495792	8248
