n	ut	st	tt
1	3360	0	3360
2	3460	0	3460
3	3590	0	3590
4	3640	0	3640
5	3700	0	3700
6	3810	0	3810
7	4270	10	4280
8	4680	10	4690
9	5130	0	5130
10	5640	0	5640
11	6000	10	6010
12	6290	10	6300
13	6150	10	6160
14	6060	10	6070
15	6020	10	6030
16	5960	20	5980
17	5930	20	5950
18	5970	20	5990
19	6010	10	6020
20	6060	10	6070
21	6120	20	6140
22	6250	20	6270
23	6290	10	6300
24	6240	20	6260
25	6260	20	6280
26	6270	10	6280
27	6270	30	6300
28	6280	20	6300
29	6370	10	6380
30	6330	30	6360
31	6340	20	6360
32	6440	20	6460
33	6440	30	6470
34	6420	30	6450
35	6400	30	6430
36	6330	30	6360
37	6410	30	6440
38	6370	40	6410
39	6480	30	6510
40	6410	30	6440
