n	vm	rss
1	221048	4020
2	366420	4008
3	446256	4160
4	395088	4408
5	605928	4580
6	605928	4988
7	640700	5168
8	896672	5464
9	800372	5592
10	880208	5712
11	960044	5808
12	1099308	6028
13	1119712	6108
14	1199548	6276
15	1338816	6460
16	1424756	6632
17	1504592	6784
18	1570064	6948
19	1598728	7164
20	1744100	7324
21	1823936	7620
22	1772700	7720
23	1852536	7804
24	1801304	8152
25	1946676	8312
26	1895440	8452
27	1936384	8360
28	2055112	8956
29	1938336	8872
30	2018172	9144
31	2491236	9656
32	2571060	9340
33	2824944	9468
34	2206448	10240
35	2351816	9696
36	2532036	10016
37	2898572	10076
38	3158936	10680
39	2572856	11016
40	3865112	10720
